Nknutepunkt
14

Knutepunkt
0, 0, 1
29.56, 0, 1
2.93, 24, 0
14.78, 24, 0
26.63, 24, 0
5.85, 48, 0
14.78, 48, 0
23.71, 48, 0
8.78, 72, 0
14.78, 72, 0
20.78, 72, 0
8.78, 85, 0
14.78, 85, 0
20.78, 85, 0

Nelementer
20

Elementer
0, 1, 210, 
0, 2, 210, 
0, 3, 210, 
1, 3, 210, 
1, 4, 210, 
2, 3, 210, 
2, 5, 210, 
2, 6, 210, 
4, 6, 210, 
4, 7, 210, 
5, 6, 210, 
5, 8, 210, 
5, 9, 210, 
7, 9, 210, 
7, 10, 210, 
8, 9, 210, 
9, 10, 210, 
8, 11, 70, 
10, 13, 70, 
11, 12, 70, 
12, 13, 70, 

Nforlaster
8

Fordelte laster
7, 0, 180000
8, 0, 180000
9, 0, 180000
10, 0, 180000
2, 180000, 540000 
13, 180000, 540000
14, 180000, 540000
15, 180000, 540000

Npunktlaster
3

Punktlaster
11, 270, 5000000 
12, 270, 1400000
13, 270, 5000000 